1
4
19
24
25
30
33
34
35
47
51
52
53
64
69
72
82
83
84
88
94
101
108
119
122
124
130
139
144
148
151
153
157
166
167
172
177
178
184
191
199
200
209
215
225
226
229
234
237
245
253
256
257
258
259
267
269
273
275
276
277
281
282
283
291
296
303
306
317
322
323
324
330
333
342
344
351
359
395
399
400
405
407
409
410
421
436
437
438
443
444
457
462
470
472
475
478
486
491
494
497
505
506
510
512
513
515
519
524
526
539
544
545
557
560
572
579
591
593
594
605
609
623
624
626
628
632
637
640
646
650
653
659
665
672
673
674
680
681
688
691
692
702
709
712
719
725
726
731
736
737
741
742
768
770
771
774
775
778
780
781
782
784
788
789
791
792
799
801
806
810
819
829
831
834
837
839
841
843
844
848
853
855
861
864
865
866
869
872
877
881
882
886
907
926
927
933
939
947
948
950
952
953
956
957
961
974
980
982
988
993
997
999
1002
1004
1011
1014
1015
1018
1019
1021
1024
1031
1035
1036
1037
1038
1041
1042
1043
1045
1050
1051
1055
1065
1070
1071
1074
1089
1092
1093
1096
1105
1106
1116
1139
1140
1148
1159
1160
1162
1168
1169
1171
1178
1183
1193
1194
1195
1200
1201
1203
1210
1213
1216
1218
1226
1231
1239
1241
1247
1248
1252
1254
1255
1257
1265
1266
1280
1282
1294
1299
1301
1302
1304
1309
1313
1315
1316
1321
1322
1323
1324
1329
1338
1342
1351
1353
1363
1372
1386
1388
1391
1394
1397
1415
1416
1426
1427
1429
1434
1450
1456
1457
1461
1463
1467
1473
1476
1477
1486
1493
1495
1498
1507
1512
1513
1515
1516
1522
1523
1525
1528
1529
1532
1533
1538
1540
1541
1549
1556
1558
1560
1568
1578
1583
1587
1588
1590
1591
1596
1599
1603
1606
1610
1619
1626
1627
1628
1632
1634
1637
1638
1644
1650
1652
1654
1655
1671
1676
1677
1686
1698
1711
1713
1730
1732
1733
1735
1742
1744
1745
1749
1751
1753
1754
1763
1777
1779
1783
1785
1790
1807
1808
1812
1819
1823
1826
1827
1830
1834
1839
1841
1842
1843
1847
1848
1852
1853
1854
1864
1874
1875
1876
1880
1886
1887
1889
1893
1895
1897
1920
1921
1922
1923
1932
1945
1950
1958
1961
1971
1972
1986
2003
2014
2022
2025
2030
2031
2037
2038
2044
2047
2048
2051
2056
2072
2077
2108
2110
2114
2120
2124
2129
2130
2139
2145
2150
2151
2178
2183
2186
2187
2192
2197
2200
2216
2219
2228
2230
2245
2278
2286
2287
2290
2297
2298
2307
2314
2329
2333
2344
2349
2350
2351
2368
2376
2397
2409
2414
2421
2430
2434
2435
2436
2443
2455
2456
2460
2472
2477
2478
2480
2481
2484
2486
2488
2493
2498
2500
2501
2517
2533
2545
2552
2559
2560
2567
2568
2569
2590
2597
2602
2617
2620
2622
2623
2624
2658
2671
2675
2677
2679
2681
2691
2698
2722
2723
2724
2733
2734
2741
2743
2745
2753
2755
2757
2759
2764
2771
2774
2776
2781
2782
2783
2784
2805
2806
2808
2812
2821
2823
2826
2831
2832
2837
2840
2850
2868
2879
2880
2881
2887
2898
2900
2903
2904
2913
2915
2920
2922
2926
2936
2938
2939
2941
2944
2945
2949
2950
2951
2952
2963
2965
2967
2968
2970
2976
2987
2989
3000
3008
3011
3012
3016
3019
3037
3038
3049
3058
3059
3060
3063
3070
3071
3072
3097
3100
3111
3112
3120
3128
3130
3137
3142
3146
3147
3149
3156
3157
3159
3160
3172
3173
3183
3186
3191
3203
3204
3211
3213
3214
3222
3227
3239
3250
3255
3260
3263
3271
3272
3276
3277
3280
3283
3285
3287
3289
3290
3291
3293
3309
3314
3318
3325
3326
3332
3341
3352
3353
3354
3355
3358
3365
3369
3371
3373
3382
3398
3402
3407
3412
3415
3425
3428
3429
3442
3452
3461
3462
3465
3467
3469
3477
3488
3489
3491
3493
3497
3498
3499
3505
3507
3508
3511
3521
3525
3535
3536
3541
3548
3549
3553
3559
3560
3561
3565
3569
3578
3583
3590
3598
3600
3601
3609
3619
3620
3621
3638
3640
3686
3694
3695
3697
3699
3701
3708
3712
3719
3725
3735
3748
3751
3789
3792
3794
3805
3810
3821
3823
3826
3827
3831
3832
3834
3837
3841
3847
3850
3857
3858
3860
3865
3889
3890
3903
3914
3920
3926
3939
3940
3952
3960
3961
3962
3963
3969
3970
3975
3978
3980
3981
3983
3985
3987
3991
3998
4005
4007
4016
4019
4021
4022
4031
4037
4038
4041
4045
4048
4049
4051
4058
4059
4063
4066
4067
4069
4079
4088
4092
4099
4114
4117
4124
4125
4127
4134
4136
4138
4144
4149
4151
4153
4155
4157
4161
4167
4180
4182
4193
4204
4205
4226
4228
4229
4233
4236
4241
4249
4253
4256
4259
4273
4291
4299
4304
4312
4314
4317
4320
4339
4341
4348
4349
4351
4356
4359
4362
4367
4368
4369
4370
4373
4375
4389
4390
4391
4393
4397
4402
4403
4413
4418
4424
4427
4429
4431
4435
4441
4442
4450
4464
4465
4467
4471
4477
4482
4483
4487
4488
4491
4494
4496
4497
4514
4527
4532
4538
4566
4570
4572
4576
4581
4584
4588
4589
4590
4604
4606
4610
4613
4617
4627
4634
4658
4662
4663
4674
4688
4695
4707
4728
4733
4735
4741
4752
4753
4756
4758
4760
4770
4773
4774
4775
4791
4802
4803
4818
4824
4832
4833
4839
4840
4842
4843
4846
4870
4879
4893
4896
4898
4902
4904
4921
4931
4938
4939
4940
4941
4951
4963
4964
4965
4976
4979
4989
4990
4993
4995
5000
5006
5008
5020
5022
5031
5039
5043
5048
5049
5050
5055
5064
5066
5067
5069
5070
5073
5074
5076
5082
5115
5117
5137
5139
5149
5157
5171
5176
5179
5183
5184
5192
5202
5204
5205
5208
5209
5218
5223
5226
5231
5239
5242
5282
5286
5288
5296
5298
5300
5303
5306
5308
5309
5311
5313
5323
5327
5328
5334
5343
5344
5345
5346
5349
5366
5367
5370
5377
5384
5407
5409
5411
5412
5413
5418
5430
5434
5441
5452
5466
5470
5479
5480
5483
5485
5492
5494
5503
5504
5514
5523
5526
5533
5534
5535
5537
5538
5539
5540
5542
5544
5557
5558
5559
5562
5565
5570
5574
5577
5578
5583
5586
5592
5599
5600
5609
5610
5621
5634
5637
5640
5641
5653
5656
5662
5663
5664
5665
5666
5673
5681
5687
5688
5690
5695
5696
5697
5698
5707
5709
5732
5742
5755
5756
5763
5766
5772
5773
5774
5776
5779
5783
5784
5786
5789
5799
5801
5802
5803
5804
5807
5808
5811
5818
5820
5826
5831
5836
5842
5843
5849
5850
5851
5858
5863
5864
5869
5870
5871
5873
5880
5882
5885
5886
5889
5893
5895
5904
5911
5912
5929
5930
5937
5943
5946
5953
5968
5975
5976
5978
5985
6000
6004
6020
6028
6030
6032
6035
6036
6049
6062
6066
6070
6072
6079
6097
6103
6107
6115
6134
6135
6137
6140
6143
6146
6147
6156
6160
6164
6166
6175
6179
6183
6194
6195
6198
6200
6201
6202
6203
6204
6206
6210
6214
6217
6221
6228
6230
6243
6244
6245
6252
6263
6266
6267
6269
6271
6278
6282
6285
6286
6292
6294
6297
6302
6303
6316
6321
6323
6324
6328
6336
6338
6348
6349
6355
6356
6361
6365
6369
6378
6379
6381
6390
6397
6403
6411
6436
6437
6439
6442
6448
6458
6459
6465
6475
6489
6490
6494
6498
6502
6504
6505
6525
6527
6531
6538
6541
6551
6552
6571
6573
6576
6578
6582
6584
6590
6607
6609
6610
6614
6617
6621
6623
6630
6631
6632
6633
6635
6644
6646
6650
6658
6661
6666
6668
6670
6671
6672
6706
6708
6711
6722
6728
6735
6736
6739
6742
6749
6765
6784
6786
6791
6798
6799
6803
6804
6810
6811
6817
6826
6832
6862
6865
6866
6878
6882
6890
6919
6932
6934
6935
6937
6939
6941
6942
6964
6969
6970
6976
6992
7022
7026
7035
