45
85
126
155
159
161
175
214
217
227
235
242
268
372
426
441
460
463
515
565
585
592
637
702
735
838
851
887
927
1001
1032
1039
1074
1124
1136
1218
1220
1345
1369
1374
1439
1496
1577
1608
1648
1673
1685
1763
1790
1792
1860
1899
1904
1942
1943
1963
1966
2061
2135
2152
2246
2427
2439
2440
2510
2528
2657
2705
2718
2757
2802
2811
2902
2971
3044
3088
3108
3109
3127
3128
3190
3234
3316
3333
3385
3506
3559
3604
3625
3645
3673
3674
3676
3678
3688
3693
3702
3764
3801
3814
3868
3884
3943
3999
4033
4062
4068
4077
4107
4129
4144
4159
4165
4192
4218
4222
4272
4287
4320
4421
4457
4461
4469
4494
4526
4527
4534
4612
4647
4820
4863
4887
4904
4907
4930
4949
4991
5044
5045
5052
5085
5112
5140
5141
5174
5238
5245
5297
5314
5329
5336
5392
5464
5489
5508
5529
5530
5624
5650
5658
5661
5918
5931
5959
5971
5974
5994
5996
5998
6035
6066
6075
6080
6097
6128
6204
6207
6247
6281
6331
6362
6424
6442
6455
6468
6517
6543
6545
6619
6652
6673
6700
6714
6798
6830
6857
6871
6940
7014
