0
25
35
45
51
52
91
109
143
173
184
195
228
324
328
330
344
366
378
390
451
481
483
526
557
573
580
587
605
659
660
728
744
745
774
831
832
834
841
843
866
974
995
1002
1014
1024
1041
1055
1206
1218
1312
1321
1391
1437
1479
1515
1517
1521
1533
1594
1596
1634
1717
1782
1790
1795
1812
1834
1855
1951
1957
1998
2032
2042
2122
2197
2237
2279
2283
2338
2481
2512
2571
2649
2759
2764
2826
2868
2887
2908
2926
2945
2974
3009
3021
3025
3048
3100
3108
3164
3188
3192
3277
3333
3342
3358
3372
3373
3383
3388
3395
3414
3459
3466
3467
3517
3659
3675
3700
3854
3876
3928
3970
4088
4145
4251
4317
4367
4380
4419
4512
4624
4662
4695
4696
4758
4807
4815
4907
4918
4964
4970
5034
5100
5115
5207
5262
5349
5375
5387
5409
5423
5432
5486
5503
5519
5562
5666
5688
5817
5862
5905
5917
5943
6012
6064
6140
6164
6251
6320
6422
6431
6434
6542
6578
6579
6668
6688
6692
6705
6742
6965
7036
