0
1
4
5
6
8
9
10
13
14
15
16
21
22
25
27
28
29
32
35
38
40
41
42
43
44
45
46
49
51
53
54
55
56
57
60
61
62
63
64
65
66
68
70
71
72
74
75
76
77
78
81
83
85
86
87
88
89
91
92
93
94
96
98
100
101
102
103
104
105
106
108
110
114
115
116
117
119
120
121
124
126
128
130
131
132
133
134
137
138
139
140
141
143
146
148
149
150
152
155
156
159
160
162
163
164
165
166
170
172
174
176
179
182
184
186
187
188
189
190
191
192
193
195
197
200
201
202
203
205
207
208
210
211
212
213
214
215
216
217
218
219
220
223
225
227
228
229
230
231
232
234
236
238
239
243
244
245
246
247
248
251
252
253
257
258
264
266
268
269
271
274
277
278
279
281
285
286
287
288
289
291
292
294
295
296
297
298
299
300
302
304
306
307
308
310
312
313
314
315
321
322
323
325
328
332
333
334
336
339
340
341
342
343
345
346
347
348
349
350
352
353
354
357
358
359
360
363
365
367
368
369
370
371
374
375
377
378
379
380
381
383
385
386
387
388
390
393
394
397
398
399
400
402
403
404
408
409
410
411
412
415
419
420
421
422
423
424
425
427
428
430
431
435
437
439
440
442
443
444
445
446
447
450
451
454
455
456
457
458
459
460
461
462
463
464
465
466
468
469
470
472
473
477
478
479
480
481
484
485
487
489
490
491
492
496
499
501
503
504
505
507
508
509
510
511
512
513
514
516
517
518
519
520
521
522
526
527
528
529
530
531
532
534
536
537
538
542
544
545
547
548
551
552
556
557
560
561
562
563
565
567
570
571
572
577
579
580
581
582
583
587
588
590
591
593
594
597
600
601
602
603
604
605
606
607
608
609
610
611
615
616
617
618
619
621
622
623
624
629
631
632
633
634
636
637
638
639
641
644
645
647
648
649
650
651
653
654
655
656
657
658
659
660
661
662
663
664
665
666
667
669
670
672
673
674
676
680
682
683
685
686
689
691
692
694
695
698
700
703
705
706
709
711
712
713
716
719
721
725
729
730
732
733
734
735
736
738
739
741
745
746
747
749
751
753
755
756
758
759
761
763
764
765
767
769
771
772
774
775
779
784
785
788
791
792
793
794
795
796
799
802
804
805
806
808
809
810
811
813
814
815
817
819
820
823
824
825
826
829
832
833
834
835
836
837
838
839
840
844
845
846
848
849
854
860
865
866
867
868
869
871
873
874
875
876
878
880
881
882
883
884
885
886
888
891
892
893
895
896
899
900
901
904
905
907
908
912
914
916
918
919
920
922
923
924
925
927
928
931
932
935
936
937
938
939
941
942
943
944
946
947
948
949
953
956
957
958
959
960
961
962
966
968
969
970
971
972
974
975
978
979
981
984
986
988
989
990
994
996
997
998
999
1001
1002
1003
1005
1007
1008
1009
1010
1011
1014
1016
1018
1019
1020
1023
1024
1025
1026
1027
1028
1029
1030
1031
1032
1033
1034
1035
1036
1038
1039
1040
1041
1042
1043
1044
1045
1046
1047
1050
1051
1053
1054
1055
1056
1060
1062
1066
1067
1068
1069
1072
1073
1075
1076
1077
1078
1079
1082
1083
1085
1086
1087
1088
1090
1093
1094
1095
1100
1101
1102
1108
1109
1110
1111
1112
1115
1116
1117
1118
1119
1121
1122
1124
1125
1127
1128
1130
1131
1132
1133
1134
1135
1136
1137
1138
1139
1140
1142
1144
1145
1148
1149
1150
1151
1155
1158
1160
1161
1162
1163
1164
1167
1169
1170
1171
1173
1174
1175
1178
1181
1184
1185
1186
1189
1190
1191
1192
1193
1197
1199
1200
1201
1204
1205
1206
1207
1210
1211
1212
1213
1214
1216
1217
1218
1220
1221
1223
1224
1230
1231
1232
1234
1237
1238
1239
1241
1242
1243
1246
1248
1251
1252
1253
1255
1256
1259
1260
1262
1266
1267
1268
1270
1272
1273
1276
1277
1278
1279
1280
1281
1282
1284
1289
1290
1291
1292
1293
1295
1296
1297
1298
1299
1300
1301
1302
1303
1304
1306
1307
1308
1309
1310
1312
1314
1315
1316
1318
1319
1320
1321
1324
1327
1328
1332
1334
1335
1338
1339
1342
1343
1345
1347
1348
1349
1350
1351
1352
1353
1354
1361
1362
1366
1367
1368
1369
1370
1372
1376
1380
1382
1383
1384
1386
1387
1389
1390
1392
1394
1396
1397
1398
1399
1400
1402
1403
1404
1405
1406
1408
1413
1414
1415
1416
1418
1420
1422
1423
1424
1425
1426
1427
1429
1431
1432
1434
1435
1436
1437
1438
1439
1440
1441
1442
1443
1444
1446
1449
1453
1454
1455
1457
1461
1463
1464
1467
1468
1469
1470
1471
1473
1474
1475
1479
1480
1482
1483
1484
1486
1487
1488
1490
1491
1492
1494
1495
1496
1498
1499
1500
1501
1503
1504
1505
1506
1508
1510
1512
1515
1516
1517
1520
1521
1523
1524
1525
1529
1530
1532
1533
1535
1536
1537
1538
1540
1541
1543
1544
1545
1546
1547
1549
1553
1554
1555
1556
1558
1559
1560
1561
1565
1567
1571
1572
1573
1574
1576
1578
1579
1580
1582
1584
1585
1587
1590
1593
1594
1595
1596
1597
1598
1600
1602
1603
1605
1608
1609
1610
1614
1616
1617
1620
1621
1622
1623
1626
1628
1630
1631
1633
1634
1635
1636
1638
1639
1640
1642
1644
1647
1648
1651
1652
1654
1657
1658
1659
1661
1662
1663
1665
1667
1669
1671
1672
1673
1674
1675
1676
1677
1680
1681
1683
1684
1685
1686
1689
1690
1691
1692
1693
1695
1700
1702
1705
1706
1707
1708
1709
1710
1711
1712
1713
1714
1716
1717
1718
1719
1720
1721
1722
1723
1724
1726
1727
1728
1729
1732
1733
1734
1738
1739
1740
1742
1743
1744
1745
1747
1750
1753
1754
1756
1757
1759
1763
1764
1765
1767
1768
1770
1772
1773
1774
1775
1777
1778
1780
1781
1782
1784
1785
1786
1787
1788
1789
1790
1792
1795
1796
1797
1798
1799
1800
1801
1803
1805
1807
1809
1810
1811
1812
1813
1814
1815
1818
1819
1820
1827
1828
1830
1831
1832
1834
1835
1836
1837
1840
1841
1845
1847
1848
1849
1850
1851
1852
1856
1857
1858
1859
1861
1862
1863
1865
1871
1872
1873
1874
1876
1880
1882
1883
1884
1886
1887
1891
1892
1894
1895
1896
1897
1898
1899
1902
1903
1904
1905
1907
1908
1911
1912
1913
1914
1916
1917
1919
1920
1921
1924
1925
1926
1929
1930
1932
1933
1934
1936
1939
1940
1942
1944
1945
1946
1950
1951
1953
1954
1956
1957
1958
1959
1960
1961
1962
1963
1964
1965
1966
1968
1971
1973
1974
1975
1976
1977
1978
1980
1981
1982
1983
1986
1988
1989
1990
1994
1995
1997
1999
2000
2001
2002
2003
2004
2005
2006
2009
2011
2013
2015
2016
2017
2021
2026
2027
2028
2030
2031
2032
2034
2035
2036
2037
2040
2041
2042
2045
2046
2048
2049
2050
2053
2057
2059
2060
2061
2064
2065
2067
2068
2069
2071
2072
2074
2075
2077
2078
2080
2086
2091
2092
2093
2096
2097
2098
2099
2100
2101
2102
2105
2106
2107
2110
2111
2112
2113
2114
2115
2117
2121
2125
2126
2127
2129
2130
2131
2132
2134
2135
2137
2138
2142
2143
2145
2146
2148
2149
2152
2154
2155
2157
2158
2159
2160
2161
2162
2163
2164
2165
2167
2168
2170
2171
2174
2176
2178
2179
2180
2181
2182
2183
2186
2189
2191
2192
2193
2194
2196
2200
2201
2202
2203
2205
2206
2207
2208
2209
2210
2211
2212
2214
2216
2217
2218
2219
2221
2222
2223
2224
2227
2228
2229
2230
2231
2232
2233
2236
2237
2239
2240
2241
2242
2243
2244
2245
2246
2249
2250
2251
2253
2254
2255
2257
2258
2259
2260
2264
2265
2266
2267
2272
2273
2274
2275
2276
2277
2278
2279
2280
2281
2282
2283
2284
2286
2288
2290
2293
2294
2295
2297
2299
2300
2301
2303
2304
2305
2306
2308
2309
2310
2311
2313
2315
2316
2320
2321
2322
2323
2324
2325
2326
2327
2328
2330
2331
2335
2336
2338
2339
2342
2343
2346
2348
2349
2350
2352
2354
2356
2358
2360
2361
2362
2363
2364
2366
2367
2368
2371
2372
2374
2375
2378
2379
2381
2382
2383
2384
2385
2386
2389
2393
2396
2397
2398
2401
2402
2403
2404
2405
2409
2413
2415
2416
2417
2419
2421
2422
2423
2424
2427
2429
2431
2432
2433
2434
2436
2437
2438
2440
2441
2445
2446
2447
2448
2449
2451
2452
2454
2456
2457
2458
2459
2461
2463
2465
2466
2468
2469
2470
2471
2473
2474
2478
2481
2482
2483
2485
2486
2487
2488
2492
2497
2498
2499
2501
2503
2504
2505
2506
2507
2508
2509
2510
2511
2513
2515
2516
2517
2518
2519
2520
2521
2523
2524
2525
2526
2527
2529
2530
2532
2534
2535
2538
2539
2541
2543
2544
2546
2547
2550
2551
2552
2553
2554
2555
2556
2557
2558
2559
2561
2564
2565
2566
2567
2568
2569
2571
2577
2578
2581
2582
2585
2587
2588
2589
2591
2592
2593
2594
2595
2596
2597
2598
2599
2601
2607
2609
2610
2611
2612
2615
2619
2620
2621
2622
2624
2627
2629
2630
2631
2632
2634
2635
2637
2638
2640
2642
2643
2646
2647
2648
2649
2651
2653
2654
2655
2657
2658
2659
2661
2663
2665
2666
2667
2671
2672
2673
2675
2677
2678
2680
2682
2686
2688
2690
2691
2693
2695
2696
2697
2698
2700
2701
2702
2703
2704
2706
2707
2708
2709
2711
2713
2714
2717
2720
2721
2723
2724
2725
2727
2730
2734
2735
2740
2741
2742
2743
2744
2745
2746
2748
2749
2751
2753
2754
2755
2756
2757
2759
2760
2762
2763
2764
2765
2766
2768
2772
2774
2776
2777
2778
2779
2780
2782
2783
2787
2788
2790
2791
2792
2793
2794
2796
2798
2800
2802
2803
2805
2806
2807
2808
2810
2811
2813
2818
2821
2822
2826
2827
2828
2832
2833
2834
2835
2836
2837
2838
2839
2840
2841
2843
2844
2845
2846
2847
2849
2850
2853
2854
2856
2858
2860
2861
2863
2864
2865
2866
2868
2870
2872
2873
2874
2875
2876
2879
2880
2882
2883
2886
2887
2896
2897
2901
2902
2903
2904
2905
2907
2909
2910
2911
2912
2914
2916
2917
2919
2921
2923
2924
2926
2927
2928
2931
2932
2933
2934
2935
2936
2938
2939
2940
2942
2943
2947
2948
2950
2951
2952
2953
2954
2955
2959
2960
2961
2964
2965
2966
2967
2969
2970
2972
2973
2975
2976
2977
2979
2980
2983
2984
2985
2986
2987
2988
2989
2991
2992
2993
2995
2996
2998
3000
3001
3002
3003
3004
3005
3006
3007
3008
3009
3010
3011
3012
3013
3015
3016
3018
3019
3020
3023
3028
3029
3031
3032
3033
3034
3036
3037
3039
3040
3042
3043
3044
3045
3046
3047
3048
3049
3050
3056
3057
3058
3059
3065
3067
3070
3071
3075
3076
3077
3078
3079
3081
3082
3083
3086
3088
3089
3094
3095
3096
3097
3101
3102
3103
3104
3105
3109
3111
3112
3113
3115
3117
3118
3128
3138
3139
3141
3142
3143
3146
3147
3151
3152
3153
3155
3156
3157
3165
3166
3167
3170
3172
3173
3176
3178
3179
3181
3182
3186
3187
3188
3189
3190
3191
3192
3195
3196
3198
3199
3200
3202
3203
3206
3207
3209
3210
3211
3214
3215
3216
3217
3218
3219
3221
3222
3225
3226
3229
3230
3231
3232
3233
3237
3239
3240
3241
3242
3245
3246
3247
3248
3249
3250
3251
3252
3253
3254
3257
3259
3261
3262
3264
3265
3267
3268
3270
3271
3272
3273
3274
3275
3276
3278
3279
3280
3281
3282
3283
3285
3287
3289
3290
3291
3293
3294
3295
3298
3300
3301
3302
3304
3305
3306
3307
3309
3311
3312
3314
3315
3316
3317
3319
3320
3321
3323
3324
3325
3326
3327
3328
3329
3330
3331
3332
3333
3334
3337
3338
3339
3340
3342
3345
3347
3348
3350
3352
3353
3355
3356
3357
3358
3359
3360
3362
3363
3364
3365
3366
3367
3368
3369
3371
3372
3373
3374
3377
3380
3382
3385
3386
3387
3389
3390
3391
3393
3395
3396
3397
3398
3399
3401
3404
3405
3408
3409
3411
3412
3413
3414
3416
3418
3419
3422
3423
3424
3427
3428
3429
3430
3431
3432
3433
3436
3437
3438
3442
3444
3446
3448
3451
3453
3455
3457
3460
3461
3462
3466
3467
3470
3471
3472
3475
3477
3478
3479
3480
3482
3484
3486
3487
3491
3493
3494
3495
3497
3498
3499
3500
3501
3502
3503
3504
3505
3506
3507
3509
3510
3511
3513
3514
3515
3517
3518
3519
3522
3526
3527
3529
3530
3532
3534
3535
3536
3537
3539
3540
3542
3543
3547
3549
3550
3552
3554
3556
3560
3561
3562
3563
3564
3565
3568
3569
3571
3572
3575
3576
3577
3579
3580
3582
3583
3584
3586
3587
3588
3589
3590
3591
3592
3593
3594
3595
3596
3597
3598
3599
3601
3602
3603
3604
3605
3606
3608
3610
3612
3613
3614
3615
3617
3618
3621
3624
3628
3629
3632
3633
3635
3636
3639
3640
3641
3642
3645
3649
3650
3652
3653
3654
3656
3657
3658
3659
3660
3662
3664
3665
3667
3668
3669
3671
3673
3674
3675
3676
3677
3679
3680
3681
3682
3683
3684
3685
3687
3688
3689
3691
3692
3693
3694
3695
3696
3697
3699
3700
3701
3702
3703
3706
3707
3713
3714
3716
3717
3718
3720
3721
3722
3723
3727
3728
3731
3732
3733
3738
3742
3743
3745
3746
3747
3748
3749
3750
3751
3752
3755
3756
3758
3759
3761
3763
3764
3765
3766
3767
3769
3770
3773
3774
3776
3778
3779
3780
3781
3782
3783
3785
3788
3790
3791
3792
3795
3799
3801
3802
3803
3804
3805
3806
3810
3811
3813
3814
3815
3817
3818
3819
3820
3823
3824
3827
3828
3829
3830
3832
3834
3836
3837
3838
3842
3843
3844
3845
3846
3847
3849
3851
3853
3857
3860
3861
3863
3864
3865
3866
3871
3877
3878
3880
3881
3882
3884
3885
3886
3888
3889
3890
3892
3893
3895
3897
3900
3903
3905
3909
3911
3912
3913
3916
3917
3918
3919
3920
3921
3922
3924
3925
3926
3928
3930
3931
3933
3934
3936
3938
3940
3941
3942
3943
3944
3946
3949
3950
3951
3955
3958
3959
3960
3961
3963
3964
3966
3967
3969
3972
3975
3978
3979
3981
3982
3983
3984
3986
3989
3990
3991
3993
3994
3995
3996
3997
3998
3999
4000
4004
4006
4007
4009
4010
4011
4014
4015
4016
4017
4018
4019
4020
4021
4022
4025
4026
4027
4028
4030
4033
4034
4035
4036
4037
4039
4040
4041
4043
4045
4047
4049
4050
4054
4056
4057
4058
4061
4062
4063
4064
4065
4066
4067
4068
4069
4071
4073
4074
4076
4077
4078
4081
4082
4083
4084
4086
4090
4092
4093
4094
4095
4096
4097
4098
4100
4101
4103
4104
4106
4109
4110
4111
4113
4114
4116
4117
4119
4121
4122
4125
4126
4129
4130
4131
4132
4137
4138
4139
4140
4141
4143
4145
4146
4147
4151
4153
4155
4156
4159
4160
4163
4166
4167
4168
4169
4170
4171
4172
4174
4175
4176
4177
4179
4184
4187
4190
4192
4193
4197
4199
4200
4201
4202
4203
4204
4206
4207
4208
4209
4211
4212
4214
4215
4216
4217
4220
4221
4222
4224
4227
4228
4229
4231
4234
4235
4236
4237
4238
4239
4240
4242
4243
4244
4245
4246
4247
4248
4249
4251
4252
4253
4255
4257
4258
4260
4261
4264
4267
4268
4269
4270
4273
4274
4275
4276
4277
4278
4281
4282
4283
4286
4289
4290
4292
4294
4295
4296
4297
4298
4299
4300
4302
4304
4306
4307
4308
4311
4313
4314
4316
4317
4318
4320
4325
4326
4327
4329
4330
4331
4332
4333
4335
4337
4338
4339
4341
4342
4343
4345
4346
4347
4348
4350
4351
4352
4353
4355
4356
4357
4358
4359
4360
4362
4364
4365
4366
4367
4372
4374
4377
4378
4379
4380
4381
4382
4385
4386
4388
4389
4390
4392
4394
4395
4396
4397
4399
4401
4402
4403
4404
4405
4406
4408
4411
4414
4415
4416
4421
4423
4424
4425
4428
4429
4430
4432
4434
4435
4437
4441
4443
4445
4446
4452
4454
4455
4456
4457
4458
4461
4462
4463
4465
4466
4467
4468
4469
4471
4472
4473
4474
4476
4477
4479
4480
4482
4484
4489
4490
4493
4495
4496
4497
4499
4500
4504
4507
4508
4509
4510
4512
4514
4515
4516
4517
4518
4520
4521
4522
4523
4526
4527
4528
4529
4530
4531
4532
4534
4536
4538
4544
4546
4548
4549
4551
4552
4555
4556
4560
4561
4563
4564
4565
4566
4567
4568
4570
4571
4572
4573
4574
4576
4577
4579
4580
4583
4584
4585
4586
4588
4590
4591
4593
4594
4595
4596
4598
4599
4600
4601
4603
4606
4607
4609
4611
4612
4613
4615
4617
4619
4620
4621
4622
4624
4630
4632
4633
4634
4635
4636
4637
4640
4641
4642
4645
4650
4651
4652
4655
4656
4659
4662
4663
4664
4666
4667
4668
4671
4673
4674
4675
4676
4677
4679
4684
4688
4689
4690
4693
4695
4696
4697
4698
4699
4700
4701
4704
4706
4707
4709
4710
4711
4712
4714
4717
4719
4720
4722
4723
4724
4725
4726
4728
4729
4732
4733
4735
4737
4739
4742
4743
4744
4746
4749
4750
4753
4755
4756
4757
4759
4760
4761
4762
4763
4764
4766
4767
4768
4769
4770
4771
4776
4777
4778
4779
4783
4785
4788
4789
4790
4791
4793
4794
4795
4798
4799
4801
4802
4803
4804
4805
4807
4808
4809
4811
4812
4813
4814
4815
4816
4817
4819
4823
4824
4825
4826
4827
4828
4830
4831
4832
4834
4835
4836
4837
4838
4839
4840
4841
4842
4843
4846
4847
4848
4849
4850
4851
4852
4856
4858
4859
4862
4864
4866
4867
4870
4871
4872
4874
4875
4877
4878
4879
4882
4883
4884
4885
4887
4888
4890
4891
4896
4897
4898
4899
4900
4902
4904
4907
4908
4911
4912
4913
4915
4916
4917
4919
4920
4921
4922
4926
4927
4928
4929
4931
4932
4933
4935
4938
4941
4943
4946
4947
4949
4950
4951
4952
4953
4954
4955
4957
4959
4961
4962
4963
4964
4967
4968
4970
4971
4973
4977
4978
4979
4980
4981
4982
4983
4984
4985
4986
4987
4988
4989
4990
4991
4995
4997
5002
5003
5005
5006
5008
5009
5012
5013
5014
5016
5017
5018
5021
5024
5026
5027
5028
5035
5036
5037
5038
5039
5040
5041
5042
5044
5046
5048
5050
5051
5052
5056
5057
5059
5062
5063
5064
5065
5066
5067
5068
5069
5072
5073
5074
5075
5079
5080
5081
5082
5083
5084
5085
5086
5088
5090
5092
5093
5097
5098
5099
5101
5102
5105
5106
5112
5113
5114
5115
5117
5120
5121
5122
5125
5126
5128
5129
5132
5137
5138
5139
5140
5141
5142
5143
5144
5145
5148
5149
5152
5155
5156
5159
5160
5163
5164
5165
5166
5167
5168
5169
5170
5171
5173
5174
5176
5177
5178
5179
5186
5187
5188
5190
5191
5192
5195
5197
5198
5199
5200
5202
5205
5206
5210
5211
5212
5213
5214
5215
5217
5218
5221
5222
5223
5225
5228
5230
5231
5232
5233
5234
5237
5238
5239
5240
5242
5243
5245
5246
5249
5252
5254
5255
5256
5258
5259
5260
5263
5264
5265
5270
5271
5272
5273
5274
5275
5276
5278
5284
5287
5290
5291
5292
5294
5295
5298
5299
5300
5301
5302
5303
5304
5307
5308
5309
5310
5311
5312
5313
5317
5319
5322
5323
5324
5327
5329
5330
5331
5333
5338
5339
5340
5341
5343
5344
5346
5347
5348
5349
5350
5352
5355
5357
5359
5360
5361
5363
5364
5366
5368
5373
5374
5375
5376
5377
5378
5379
5383
5385
5387
5388
5389
5392
5393
5395
5396
5397
5399
5400
5401
5402
5403
5406
5407
5409
5411
5412
5414
5420
5422
5423
5425
5427
5431
5432
5433
5435
5436
5437
5438
5439
5444
5446
5447
5448
5449
5450
5453
5454
5455
5458
5459
5460
5461
5462
5463
5466
5468
5472
5477
5479
5480
5482
5484
5485
5486
5487
5490
5491
5492
5493
5495
5497
5498
5502
5503
5504
5506
5507
5508
5509
5510
5513
5514
5515
5516
5518
5519
5522
5523
5524
5525
5526
5528
5529
5530
5533
5535
5536
5537
5538
5541
5546
5547
5548
5549
5550
5551
5553
5555
5556
5557
5560
5562
5563
5566
5568
5569
5570
5572
5573
5575
5578
5580
5581
5582
5583
5584
5585
5588
5590
5594
5595
5596
5597
5598
5600
5601
5602
5605
5608
5609
5611
5612
5616
5617
5618
5624
5625
5626
5627
5628
5629
5630
5631
5632
5633
5634
5636
5637
5641
5642
5646
5647
5650
5651
5652
5653
5655
5657
5660
5661
5663
5665
5666
5668
5670
5671
5673
5674
5675
5676
5677
5678
5680
5681
5682
5684
5688
5689
5692
5693
5694
5695
5696
5697
5698
5699
5700
5704
5705
5706
5707
5710
5713
5717
5719
5720
5723
5724
5725
5726
5727
5728
5731
5735
5736
5737
5738
5739
5741
5743
5744
5745
5747
5748
5749
5751
5752
5755
5756
5757
5758
5759
5760
5761
5762
5763
5764
5765
5768
5773
5776
5777
5781
5782
5783
5785
5787
5788
5789
5790
5791
5792
5794
5795
5796
5801
5802
5803
5806
5807
5808
5809
5810
5813
5814
5815
5817
5818
5819
5820
5822
5826
5829
5832
5834
5835
5837
5842
5844
5845
5846
5847
5848
5849
5852
5853
5855
5856
5857
5858
5859
5861
5862
5863
5864
5865
5868
5869
5872
5873
5874
5875
5878
5881
5882
5883
5884
5885
5886
5887
5888
5890
5891
5897
5900
5902
5903
5904
5905
5906
5908
5911
5912
5913
5915
5918
5920
5921
5922
5925
5927
5929
5930
5931
5932
5934
5936
5937
5939
5941
5943
5944
5945
5946
5947
5948
5950
5953
5954
5955
5960
5961
5962
5969
5973
5976
5977
5978
5979
5980
5981
5982
5983
5984
5985
5986
5987
5988
5989
5990
5991
5992
5993
5994
5998
5999
6000
6001
6002
6004
6005
6007
6008
6010
6011
6012
6014
6015
6016
6017
6020
6021
6022
6023
6024
6025
6026
6027
6028
6029
6030
6031
6034
6036
6038
6040
6041
6042
6043
6048
6049
6050
6051
6052
6053
6055
6056
6059
6060
6061
6062
6064
6067
6070
6071
6073
6074
6077
6079
6081
6084
6085
6087
6088
6089
6092
6093
6094
6095
6096
6098
6100
6101
6102
6103
6104
6105
6106
6107
6108
6109
6110
6111
6112
6113
6114
6115
6117
6118
6120
6121
6122
6123
6124
6126
6127
6128
6130
6132
6133
6134
6136
6137
6139
6140
6143
6144
6145
6146
6147
6150
6151
6152
6154
6155
6156
6158
6159
6163
6164
6165
6166
6167
6168
6170
6171
6172
6174
6175
6177
6178
6179
6180
6181
6182
6183
6187
6188
6189
6190
6191
6193
6194
6196
6198
6200
6202
6203
6204
6207
6208
6210
6212
6215
6221
6222
6224
6225
6226
6227
6228
6229
6232
6240
6241
6243
6244
6245
6248
6249
6250
6254
6257
6258
6260
6264
6266
6267
6270
6271
6272
6274
6276
6277
6279
6280
6282
6284
6285
6286
6287
6288
6291
6292
6293
6294
6295
6297
6298
6299
6300
6301
6302
6303
6304
6306
6307
6308
6310
6311
6313
6314
6316
6320
6321
6323
6324
6325
6327
6328
6329
6330
6331
6332
6335
6336
6337
6338
6339
6340
6343
6344
6345
6346
6347
6351
6352
6354
6355
6357
6358
6359
6360
6361
6362
6363
6366
6369
6370
6371
6372
6373
6374
6375
6376
6378
6379
6380
6381
6384
6386
6388
6389
6391
6392
6393
6395
6396
6399
6400
6401
6402
6403
6404
6405
6406
6407
6408
6409
6412
6413
6414
6417
6418
6419
6420
6421
6423
6424
6426
6428
6429
6430
6433
6434
6435
6436
6438
6441
6444
6445
6447
6449
6451
6453
6455
6456
6458
6460
6464
6465
6467
6468
6469
6470
6471
6473
6474
6475
6477
6478
6481
6482
6486
6487
6488
6489
6490
6494
6496
6497
6499
6501
6502
6506
6507
6508
6509
6515
6516
6517
6519
6520
6521
6522
6523
6524
6525
6527
6528
6530
6531
6532
6533
6534
6535
6536
6538
6539
6541
6542
6543
6545
6546
6547
6549
6550
6554
6555
6556
6557
6559
6560
6563
6565
6566
6567
6568
6569
6570
6571
6573
6574
6575
6577
6578
6580
6582
6583
6584
6587
6589
6590
6591
6592
6593
6594
6595
6597
6602
6603
6607
6608
6610
6612
6615
6616
6617
6619
6620
6621
6622
6623
6626
6627
6628
6630
6631
6634
6635
6636
6637
6638
6641
6642
6644
6648
6650
6652
6654
6657
6659
6660
6662
6663
6664
6668
6669
6671
6673
6674
6675
6676
6678
6683
6686
6687
6689
6690
6692
6695
6697
6700
6701
6704
6706
6707
6709
6711
6715
6717
6718
6719
6721
6723
6724
6725
6726
6728
6729
6732
6733
6734
6736
6737
6739
6740
6742
6746
6747
6749
6752
6754
6755
6757
6758
6761
6762
6765
6766
6768
6769
6771
6772
6774
6778
6779
6780
6782
6784
6785
6786
6787
6788
6789
6790
6791
6793
6794
6795
6796
6799
6800
6801
6803
6805
6808
6810
6811
6813
6814
6816
6817
6818
6819
6820
6821
6824
6825
6826
6827
6828
6829
6832
6833
6834
6838
6839
6840
6841
6843
6845
6846
6847
6851
6852
6854
6855
6856
6857
6859
6860
6861
6864
6865
6866
6869
6872
6873
6874
6875
6877
6879
6881
6882
6884
6887
6888
6889
6890
6891
6892
6894
6896
6897
6898
6900
6903
6904
6905
6906
6907
6908
6909
6910
6913
6914
6915
6917
6918
6920
6922
6926
6927
6928
6929
6930
6931
6932
6933
6934
6935
6936
6937
6938
6939
6940
6941
6942
6943
6944
6947
6948
6949
6950
6951
6952
6953
6954
6955
6956
6957
6959
6966
6969
6970
6973
6975
6977
6978
6983
6984
6985
6987
6988
6989
6991
6993
6994
6995
6996
6997
6998
6999
7000
7002
7006
7007
7008
7009
7010
7011
7015
7017
7020
7021
7022
7023
7025
7026
7028
7029
7038
7040
7041
7042
7047
