0
2
7
15
18
26
32
37
38
39
47
64
65
70
75
92
93
95
100
102
110
111
122
125
130
136
140
150
157
159
160
161
169
183
188
189
193
194
199
201
204
214
215
218
222
224
227
228
229
232
236
242
252
253
258
259
264
271
272
279
297
301
306
311
316
338
339
345
348
350
355
358
362
384
392
395
397
401
409
414
416
417
421
426
438
449
461
462
463
472
476
477
487
488
490
493
496
501
502
503
504
505
507
517
525
543
546
556
560
588
589
607
612
613
625
635
636
637
649
654
663
665
671
687
688
692
693
697
699
718
727
733
740
743
758
763
764
766
770
785
786
787
788
790
797
799
818
826
830
833
845
846
847
852
853
854
856
858
859
861
865
877
884
887
889
893
894
897
899
902
910
911
912
920
924
925
928
940
949
950
985
992
998
999
1004
1007
1008
1017
1019
1023
1037
1039
1045
1051
1052
1054
1058
1065
1071
1073
1083
1087
1090
1095
1100
1112
1113
1119
1122
1125
1140
1146
1147
1155
1162
1163
1165
1168
1179
1185
1187
1196
1202
1209
1211
1217
1219
1222
1223
1224
1233
1234
1240
1242
1249
1257
1263
1265
1270
1271
1279
1280
1285
1290
1319
1320
1324
1331
1333
1340
1347
1351
1360
1363
1366
1368
1369
1371
1373
1374
1380
1387
1388
1393
1394
1399
1400
1402
1403
1407
1417
1419
1421
1425
1428
1429
1430
1433
1436
1440
1444
1448
1450
1453
1459
1462
1465
1486
1488
1489
1499
1501
1519
1523
1532
1539
1540
1542
1545
1548
1550
1552
1553
1556
1563
1565
1568
1570
1571
1576
1579
1581
1583
1589
1593
1603
1610
1612
1619
1623
1625
1628
1631
1637
1639
1645
1648
1650
1653
1665
1667
1673
1674
1675
1679
1695
1701
1703
1707
1716
1730
1731
1737
1749
1753
1760
1770
1771
1772
1773
1776
1780
1781
1783
1793
1800
1805
1809
1816
1819
1820
1821
1827
1828
1853
1865
1872
1873
1875
1878
1882
1885
1887
1890
1893
1900
1901
1902
1905
1906
1910
1922
1925
1935
1936
1942
1944
1948
1949
1964
1993
1996
2001
2033
2034
2038
2042
2055
2059
2067
2077
2080
2086
2101
2107
2113
2116
2125
2133
2134
2138
2147
2150
2151
2152
2162
2165
2166
2169
2170
2171
2172
2179
2180
2187
2189
2199
2205
2206
2214
2217
2224
2227
2228
2232
2233
2242
2246
2247
2251
2252
2261
2266
2271
2272
2279
2282
2284
2285
2295
2301
2306
2308
2309
2315
2316
2320
2323
2330
2332
2333
2334
2337
2341
2342
2343
2364
2365
2370
2374
2375
2391
2400
2402
2404
2405
2406
2410
2421
2422
2427
2428
2436
2439
2440
2443
2447
2456
2457
2462
2469
2470
2472
2489
2492
2505
2518
2519
2520
2533
2535
2542
2546
2548
2551
2562
2567
2575
2579
2584
2588
2589
2590
2604
2609
2613
2616
2620
2625
2628
2633
2640
2651
2654
2661
2663
2672
2681
2684
2685
2686
2689
2698
2708
2716
2721
2724
2725
2726
2733
2735
2736
2740
2741
2742
2744
2745
2750
2752
2761
2768
2773
2776
2777
2778
2782
2784
2797
2799
2811
2813
2817
2818
2824
2827
2830
2831
2834
2859
2863
2864
2865
2867
2871
2877
2884
2888
2890
2892
2893
2894
2895
2901
2914
2917
2924
2925
2928
2929
2931
2939
2963
2966
2970
2974
2983
2985
2986
2988
2990
2993
3008
3015
3016
3020
3023
3032
3033
3034
3035
3036
3051
3054
3062
3073
3074
3089
3090
3091
3092
3095
3106
3109
3110
3113
3118
3119
3121
3128
3135
3138
3139
3140
3149
3150
3159
3160
3164
3167
3175
3176
3185
3194
3197
3205
3206
3215
3216
3218
3220
3221
3222
3223
3247
3252
3255
3259
3260
3266
3272
3282
3286
3288
3292
3295
3301
3307
3312
3316
3317
3326
3329
3330
3343
3348
3349
3351
3397
3398
3407
3410
3419
3425
3426
3430
3431
3432
3435
3439
3440
3442
3454
3463
3475
3477
3483
3490
3491
3492
3494
3496
3497
3499
3507
3508
3522
3528
3547
3550
3555
3563
3564
3578
3581
3587
3590
3593
3596
3597
3601
3602
3605
3607
3618
3622
3625
3633
3639
3640
3642
3643
3644
3646
3647
3648
3664
3665
3668
3669
3670
3673
3679
3680
3690
3698
3710
3711
3713
3727
3730
3734
3735
3736
3740
3743
3756
3762
3766
3769
3771
3774
3797
3798
3800
3801
3810
3817
3820
3822
3824
3825
3826
3827
3829
3835
3836
3846
3847
3849
3868
3870
3879
3891
3896
3898
3899
3902
3906
3907
3908
3910
3929
3935
3939
3941
3945
3952
3953
3954
3959
3966
3968
3979
3985
3987
3989
3993
3995
3996
3998
3999
4008
4015
4017
4028
4040
4044
4046
4055
4060
4064
4072
4076
4080
4087
4099
4105
4106
4107
4121
4129
4130
4131
4134
4139
4141
4144
4147
4159
4161
4164
4176
4180
4181
4188
4189
4198
4202
4205
4206
4215
4216
4220
4223
4232
4234
4236
4241
4248
4254
4261
4263
4270
4271
4272
4294
4295
4312
4319
4321
4325
4337
4339
4342
4345
4346
4355
4383
4385
4398
4408
4422
4423
4424
4426
4428
4432
4443
4450
4454
4455
4456
4458
4461
4490
4498
4500
4503
4511
4519
4527
4529
4531
4535
4537
4543
4545
4547
4548
4555
4557
4558
4564
4569
4575
4582
4590
4592
4595
4598
4599
4600
4602
4603
4607
4608
4612
4614
4615
4649
4651
4652
4653
4668
4669
4671
4677
4682
4693
4697
4706
4708
4717
4725
4731
4734
4737
4739
4740
4741
4746
4751
4753
4755
4762
4764
4772
4773
4777
4790
4796
4797
4798
4801
4805
4806
4818
4819
4820
4824
4833
4835
4837
4844
4845
4848
4853
4856
4860
4863
4874
4881
4885
4891
4894
4896
4901
4902
4904
4909
4910
4913
4925
4926
4930
4933
4937
4939
4942
4945
4948
4954
4958
4967
4969
4972
4989
4992
4994
4995
5002
5005
5006
5012
5015
5019
5022
5024
5025
5026
5027
5031
5032
5034
5036
5039
5041
5045
5047
5049
5068
5082
5089
5095
5105
5108
5109
5118
5121
5122
5124
5125
5126
5128
5129
5131
5133
5135
5141
5142
5143
5145
5147
5149
5151
5155
5158
5161
5162
5165
5169
5175
5178
5180
5183
5185
5186
5189
5193
5202
5205
5212
5215
5218
5228
5229
5239
5253
5256
5263
5265
5267
5268
5271
5275
5279
5281
5286
5288
5291
5297
5298
5299
5304
5314
5319
5320
5321
5322
5326
5331
5335
5337
5338
5342
5353
5355
5357
5358
5373
5380
5382
5383
5391
5395
5397
5422
5430
5434
5438
5442
5453
5461
5466
5468
5487
5492
5494
5497
5500
5503
5510
5513
5517
5520
5540
5547
5548
5551
5561
5565
5571
5577
5583
5584
5585
5587
5591
5595
5596
5599
5603
5610
5612
5613
5617
5621
5624
5630
5638
5640
5647
5649
5650
5654
5656
5657
5658
5660
5661
5662
5664
5670
5673
5674
5675
5680
5681
5685
5686
5687
5697
5708
5714
5717
5718
5724
5725
5726
5731
5732
5734
5736
5738
5740
5741
5746
5749
5750
5751
5760
5762
5763
5764
5766
5767
5768
5773
5774
5775
5779
5784
5787
5790
5792
5800
5804
5805
5807
5816
5817
5818
5828
5830
5840
5844
5845
5847
5859
5863
5865
5870
5879
5881
5885
5888
5890
5895
5897
5899
5905
5906
5918
5919
5924
5928
5932
5933
5939
5940
5943
5944
5946
5950
5956
5958
5966
5968
5969
5970
5973
5975
5982
6002
6007
6011
6014
6020
6022
6031
6035
6036
6037
6038
6047
6048
6053
6054
6055
6060
6065
6070
6075
6076
6079
6080
6082
6086
6093
6102
6111
6112
6114
6120
6123
6131
6141
6145
6150
6154
6156
6163
6165
6173
6175
6177
6178
6181
6182
6183
6185
6187
6188
6193
6195
6198
6199
6200
6204
6205
6206
6207
6209
6214
6217
6224
6228
6229
6230
6234
6238
6243
6244
6245
6246
6247
6248
6249
6255
6257
6258
6273
6274
6275
6285
6286
6287
6288
6290
6292
6302
6306
6307
6308
6316
6319
6323
6326
6327
6328
6329
6332
6333
6334
6335
6336
6347
6351
6355
6361
6365
6368
6377
6379
6383
6387
6398
6402
6405
6418
6422
6429
6432
6437
6439
6446
6449
6452
6458
6460
6461
6465
6469
6483
6485
6493
6510
6514
6518
6523
6525
6526
6534
6541
6545
6550
6553
6562
6570
6573
6574
6576
6581
6584
6587
6588
6589
6591
6592
6599
6600
6604
6605
6608
6614
6615
6616
6617
6618
6621
6632
6633
6636
6645
6646
6647
6656
6667
6668
6671
6672
6673
6674
6679
6685
6686
6689
6691
6692
6696
6699
6700
6701
6707
6708
6709
6710
6718
6720
6722
6726
6729
6731
6736
6737
6740
6742
6748
6754
6757
6758
6762
6764
6767
6768
6769
6770
6777
6778
6779
6782
6795
6801
6802
6804
6813
6822
6824
6827
6832
6835
6841
6844
6845
6847
6857
6860
6865
6866
6867
6870
6878
6882
6886
6891
6893
6896
6899
6901
6912
6919
6920
6921
6922
6923
6925
6926
6927
6928
6930
6931
6934
6944
6952
6957
6958
6959
6965
6969
6980
6982
6983
6984
6990
6992
7004
7006
7009
7015
7016
7017
7018
7019
7025
7031
7032
7034
7035
7040
7042
7043
7044
7047
7048
